0.00284319921281764 0.00833333333333333
0.00306905174574581 0.0166666666666667
0.0033529224130838 0.025
0.00798434312043206 0.0333333333333333
0.0112262792566987 0.0416666666666667
0.0114797508550719 0.05
0.0153782315259875 0.0583333333333333
0.016036947945857 0.0666666666666667
0.0161228252845955 0.075
0.0179569857503905 0.0833333333333333
0.0189543148358212 0.0916666666666667
0.0192841476819694 0.1
0.0202470888028539 0.108333333333333
0.021654245033546 0.116666666666667
0.0218994399417767 0.125
0.0220977914535791 0.133333333333333
0.0230743735636686 0.141666666666667
0.0262876136310453 0.15
0.0276762170109095 0.158333333333333
0.0287620676585302 0.166666666666667
0.0291961192974348 0.175
0.0321647547259094 0.183333333333333
0.0340885150588969 0.191666666666667
0.0342194167416618 0.2
0.0350348138228561 0.208333333333333
0.0412844911033407 0.216666666666667
0.0452015644705064 0.225
0.049982800633002 0.233333333333333
0.0563013783118988 0.241666666666667
0.058764939991746 0.25
0.0640921410447014 0.258333333333333
0.0673600312434388 0.266666666666667
0.0680867655275957 0.275
0.0716580839496981 0.283333333333333
0.0725690273554951 0.291666666666667
0.0767146250684149 0.3
0.0769572584415446 0.308333333333333
0.0797322196014626 0.316666666666667
0.0798998433155681 0.325
0.080145917359118 0.333333333333334
0.0835910650873135 0.341666666666667
0.0852817118244523 0.35
0.0854048511741883 0.358333333333334
0.0870638793770894 0.366666666666667
0.0904640895611419 0.375
0.0963033629231205 0.383333333333334
0.0966227406388693 0.391666666666667
0.0966402954674052 0.4
0.0976337961939969 0.408333333333334
0.0977979538753688 0.416666666666667
0.0987640417793038 0.425
0.0997596178116602 0.433333333333334
0.10753653899917 0.441666666666667
0.110596142402321 0.450000000000001
0.114026815116524 0.458333333333334
0.114042858821636 0.466666666666667
0.114833662266975 0.475000000000001
0.119719638460104 0.483333333333334
0.121113326371342 0.491666666666667
0.122054303808429 0.500000000000001
0.124402689839325 0.508333333333334
0.124669510091326 0.516666666666667
0.126365606532183 0.525000000000001
0.130839733441235 0.533333333333334
0.130848630582285 0.541666666666667
0.132239906260255 0.55
0.133292815591283 0.558333333333334
0.134586846017617 0.566666666666667
0.137071054862646 0.575
0.140023925870221 0.583333333333334
0.141154434366915 0.591666666666667
0.143300947090166 0.6
0.143638885364965 0.608333333333334
0.145415841367044 0.616666666666667
0.147096927059688 0.625
0.148448212539124 0.633333333333334
0.149427669736928 0.641666666666667
0.14950649118415 0.65
0.151868316040904 0.658333333333333
0.167936337805017 0.666666666666667
0.168909701634249 0.675
0.1696906230381 0.683333333333333
0.176157164270813 0.691666666666667
0.179744800751805 0.7
0.179855125685841 0.708333333333333
0.185874738445401 0.716666666666667
0.195986287726291 0.725
0.196681500919006 0.733333333333333
0.201736877201097 0.741666666666666
0.204051919325192 0.75
0.209904989033145 0.758333333333333
0.214926114495061 0.766666666666666
0.216976421604614 0.775
0.218919761515737 0.783333333333333
0.232976319149059 0.791666666666666
0.236784646424478 0.8
0.263712216023398 0.808333333333333
0.267497544916374 0.816666666666666
0.269116203732052 0.825
0.271187947684773 0.833333333333333
0.298991846630671 0.841666666666666
0.31996682143728 0.849999999999999
0.336303365786389 0.858333333333333
0.343420287123752 0.866666666666666
0.356718261557443 0.874999999999999
0.362583209285255 0.883333333333333
0.364145023268437 0.891666666666666
0.424076276867934 0.899999999999999
0.430801483344927 0.908333333333333
0.457856681001889 0.916666666666666
0.473968751161459 0.924999999999999
0.49829020280594 0.933333333333332
0.521566730819433 0.941666666666666
0.573120864897163 0.949999999999999
0.610203252247636 0.958333333333332
0.705554727946758 0.966666666666666
0.915815565720536 0.974999999999999
0.917653900164396 0.983333333333332
0.968010989556657 0.991666666666666
0.987470734472485 0.999999999999999
